1 0.9259038074076784 0.5797669888217086 0.11957034937936158 0.34310021397248336
1 0.8226697194064059 0.5667907844678722 0.10899647605027027 0.3739682680561673
1 0.7399572167409056 0.5724926582443368 0.08701238804899773 0.3638293762235353
1 0.6625316507399512 0.5627605049789595 0.09311693738063412 0.35154763103285874
1 0.589130513407042 0.5633210109694092 0.09017375071608864 0.367063503628197
1 0.5134583514083148 0.5700496714063628 0.08352376137808885 0.3324702488188736
1 0.4446538074076784 0.5629613685038051 0.07885444271163422 0.33386905771188113
1 0.3731060714114964 0.5885764381965857 0.081270370703362 0.27304068511654284
1 0.3019395960773147 0.5798437897405317 0.0906090080362711 0.27024306733052794
1 0.22218846140990559 0.5715922909216581 0.10292719470081657 0.2550545769491748
1 0.15447370273708766 0.5239335517214313 0.09589649204327078 0.3219692584375206
1 0.07524982674249651 0.5609945529025577 0.09226241470399828 0.27811013103285875
1 0.8003101773551808 0.18881955189106733 0.10676126670908878 0.3161012043538365
1 0.7010732460216353 0.183792256793058 0.11302944804263433 0.3178819591631599
1 0.48780108668840805 0.17712556142489616 0.11310217337681613 0.3241319591631599
1 0.3932607460216354 0.1730432074338794 0.11152149204327078 0.32251489546082907
1 0.2838766553548626 0.1684424982707195 0.10525331070972524 0.32073414065150563
1 0.18697438335454447 0.16271579872620642 0.10832376670908897 0.31615576805616735
1 0.09168006468808992 0.16094991288402422 0.11148512937617985 0.3193898954608291
1 0.890962449355499 0.19432799662625697 0.11302944804263433 0.3178819591631599
