1 0.05078125 0.165625 0.1015625 0.33125
1 0.12734375 0.16328125 0.1453125 0.32578125
1 0.2171875 0.1640625 0.14375 0.328125
1 0.31953125 0.16328125 0.1546875 0.32578125
1 0.41640625 0.16328125 0.1359375 0.32578125
1 0.53046875 0.16171875 0.1515625 0.3234375
1 0.61796875 0.165625 0.1734375 0.33125
1 0.72109375 0.16796875 0.1640625 0.33515625
1 0.8359375 0.16171875 0.115625 0.3234375
1 0.92421875 0.159375 0.1109375 0.31796875
1 0.02734375 0.5359375 0.0546875 0.3625
1 0.0734375 0.5546875 0.140625 0.36484375
1 0.18203125 0.553125 0.1578125 0.3765625
1 0.27265625 0.5515625 0.1109375 0.38203125
1 0.34453125 0.54296875 0.1140625 0.38046875
1 0.41875 0.5453125 0.128125 0.38046875
1 0.4953125 0.553125 0.121875 0.34140625
1 0.5625 0.5578125 0.109375 0.3046875
1 0.63046875 0.57578125 0.0859375 0.27890625
1 0.7109375 0.57890625 0.103125 0.27734375
1 0.778125 0.565625 0.121875 0.265625
1 0.85859375 0.5421875 0.1203125 0.33515625
1 0.9328125 0.571875 0.0875 0.271875
