2 0.21171875 0.632317553977483 0.1546875 0.24897532541528272
2 0.2890625 0.5341489666851243 0.1609375 0.2618758436138801
2 0.42890625 0.6079543113787386 0.153125 0.22387519586563337
2 0.6 0.5993872470653393 0.15625 0.20220045496493205
2 0.77109375 0.61269518275194 0.159375 0.21646321406423077
2 0.91015625 0.5598879626707296 0.1796875 0.239639898209672
2 0.74375 0.5312554156330769 0.1546875 0.2208503254152827
2 0.59375 0.504455478866742 0.140625 0.2043241594684389
2 0.41953125 0.47454103408084275 0.1453125 0.20149954811738677
2 0.096875 0.5007392820782579 0.19375 0.3202285641565158
2 0.221875 0.43999964605020364 0.1703125 0.3218516209117759
2 0.35703125 0.3869421020948699 0.1625 0.3463509731635295
2 0.51171875 0.3788861775101527 0.1640625 0.32770110271317865
2 0.66015625 0.3954297347268382 0.15 0.32992493676633483
2 0.81953125 0.4423616987910689 0.140625 0.2933866594684389
