2 0.20234375 0.59296875 0.1359375 0.22734375
2 0.28828125 0.496875 0.13984375 0.240625
2 0.421875 0.57421875 0.13671875 0.20234375
2 0.59453125 0.56953125 0.14140625 0.18046875
2 0.76484375 0.58671875 0.14296875 0.19453125
2 0.909375 0.53828125 0.1609375 0.215625
2 0.74453125 0.5046875 0.13828125 0.19921875
2 0.59609375 0.475 0.12421875 0.18515625
2 0.42421875 0.440625 0.1296875 0.18125
2 0.09609375 0.459375 0.17734375 0.29375
2 0.2296875 0.4015625 0.1453125 0.29921875
2 0.36953125 0.35234375 0.13515625 0.32578125
2 0.525 0.34765625 0.13828125 0.30625
2 0.67265625 0.36796875 0.1234375 0.3109375
2 0.828125 0.41796875 0.11640625 0.275
