1 0.8576081775217259 0.5985148093833563 0.28478364495654807 0.3984448263391013
1 0.15509864639978085 0.45783156888376075 0.2637929420993359 0.3369162929530063
1 0.7104303475998539 0.28755824049959555 0.18490165467194847 0.28468855172849494
1 0.32770354652361544 0.5020947312618885 0.23872016749223005 0.33462636724704337
1 0.8529817206353831 0.29123350679693155 0.2136473928851242 0.3323364415410805
1 0.44469187758364326 0.225664960412206 0.18533830231458365 0.29406355172849497
1 0.5787779332079958 0.2491442613492781 0.19812940074300708 0.3006772645814763
1 0.50499594664745 0.5462215013201482 0.24776983581302972 0.3614161877801568
1 0.6656102690210254 0.6017858765512575 0.24173815963434714 0.36592183135366607
1 0.31233098779889096 0.18883621331519987 0.21909687220695978 0.3153307979675712
