1 0.9484375 0.79765625 0.09765625 0.11328125
1 0.37890625 0.0453125 0.2015625 0.090625
1 0.1765625 0.1078125 0.14375 0.1453125
1 0.31171875 0.14296875 0.12265625 0.15
1 0.4015625 0.18046875 0.14296875 0.184375
1 0.10625 0.24609375 0.14921875 0.17265625
1 0.2703125 0.29296875 0.11640625 0.1453125
1 0.3703125 0.32109375 0.0703125 0.1140625
1 0.27265625 0.52890625 0.128125 0.1515625
1 0.19296875 0.65390625 0.1609375 0.14765625
1 0.12890625 0.80390625 0.16328125 0.1625
1 0.38828125 0.64375 0.1265625 0.1515625
1 0.321875 0.778125 0.1234375 0.153125
1 0.41796875 0.52421875 0.1296875 0.1796875
1 0.23359375 0.89609375 0.10859375 0.121875
1 0.33671875 0.9515625 0.10703125 0.096875
1 0.68828125 0.86953125 0.14296875 0.1625
1 0.590625 0.94296875 0.1390625 0.1140625
1 0.865625 0.90078125 0.13359375 0.128125
1 0.88046875 0.6609375 0.1421875 0.1171875
1 0.6375 0.0546875 0.125 0.109375
1 0.7609375 0.07890625 0.125 0.1578125
1 0.85234375 0.09765625 0.1 0.17734375
1 0.953125 0.1265625 0.08984375 0.17265625
1 0.5890625 0.1953125 0.14609375 0.1546875
1 0.71953125 0.21796875 0.1015625 0.12890625
1 0.825 0.23984375 0.1078125 0.13828125
1 0.91796875 0.2578125 0.103125 0.14375
1 0.9796875 0.2828125 0.040625 0.121875
1 0.57578125 0.35078125 0.11953125 0.12734375
1 0.69140625 0.35 0.11796875 0.11640625
1 0.796875 0.371875 0.0859375 0.09453125
1 0.88671875 0.37890625 0.07890625 0.08359375
1 0.96171875 0.384375 0.0765625 0.0703125
1 0.9546875 0.5890625 0.08984375 0.12578125
