1 0.09921875 0.12890625 0.1703125 0.11484375
1 0.15546875 0.04140625 0.1671875 0.0828125
1 0.284375 0.034375 0.171875 0.06875
1 0.47734375 0.034375 0.2390625 0.06875
1 0.2421875 0.1203125 0.21015625 0.115625
1 0.1453125 0.2078125 0.17890625 0.10234375
1 0.3265625 0.21796875 0.253125 0.1375
1 0.8140625 0.040625 0.28046875 0.08125
1 0.725 0.1296875 0.2828125 0.11953125
1 0.67578125 0.2140625 0.2015625 0.1046875
1 0.4609375 0.48125 0.234375 0.13984375
1 0.48828125 0.56796875 0.2125 0.1640625
1 0.3515625 0.5796875 0.19296875 0.128125
1 0.24453125 0.66328125 0.14921875 0.10703125
1 0.2484375 0.76328125 0.13203125 0.1203125
1 0.33515625 0.890625 0.28828125 0.1078125
1 0.4640625 0.828125 0.2578125 0.1484375
1 0.2234375 0.8578125 0.2453125 0.09453125
1 0.2703125 0.96328125 0.278125 0.0734375
1 0.13984375 0.9234375 0.2265625 0.0890625
1 0.18828125 0.740625 0.22734375 0.084375
1 0.10859375 0.809375 0.2171875 0.090625
1 0.6421875 0.51484375 0.134375 0.11015625
1 0.73125 0.43125 0.2046875 0.1015625
1 0.81640625 0.328125 0.19140625 0.096875
1 0.8390625 0.396875 0.15234375 0.0953125
1 0.89453125 0.48046875 0.2109375 0.1453125
1 0.878125 0.6171875 0.24375 0.121875
1 0.7640625 0.51328125 0.1703125 0.1203125
1 0.71484375 0.61875 0.22421875 0.09765625
1 0.64140625 0.70703125 0.15390625 0.10390625
1 0.815625 0.7078125 0.296875 0.10546875
1 0.740625 0.80546875 0.26953125 0.09296875
