1 0.10009293249628841 0.1321493137264337 0.1780165366347314 0.12419086958138306
1 0.15015380823145744 0.044023243327063574 0.17325379353213632 0.08804648665412715
1 0.27856873530067894 0.03324160498119072 0.1772043091359686 0.06648320996238144
1 0.4706334045679843 0.02883862992432535 0.2443918091359686 0.0576772598486507
1 0.24248847241038013 0.11538628357464689 0.21872342378986112 0.12740871148243724
1 0.151843540252776 0.20833247034250477 0.18673643939369336 0.11207287155854936
1 0.33346203245085987 0.20797834878395535 0.26370173111680745 0.15262888737588023
1 0.8082971788782437 0.02550142981059461 0.2853443577564875 0.05100285962118922
1 0.7253419159879451 0.09649443175057992 0.29092597241038015 0.13658739330737926
1 0.6821485159425166 0.18359252513450885 0.208775213703953 0.11608920950527088
1 0.48619968735752844 0.46324948612265454 0.2450336182719372 0.1534273834215476
1 0.5196097308896649 0.5480091466930583 0.22438692559888337 0.17597354547482597
1 0.3836279652858326 0.5676425088600675 0.20219102103089917 0.13920837452429885
1 0.2826630088179689 0.6578775311031889 0.1572946008590826 0.11555069863085592
1 0.29337253674627306 0.7576546966165086 0.14076219810012064 0.12735036167271757
1 0.38902695273421806 0.8798069278334282 0.2965208751693421 0.12434206129215682
1 0.5129723857963333 0.8097743176435854 0.26896244120271573 0.16375738836446346
1 0.27488920963162305 0.8531409515594245 0.2520338907731744 0.10849688539871387
1 0.3278681247150569 0.9527616081754955 0.2834543091359686 0.08327139231879599
1 0.19637910730220237 0.92367096885963 0.23303822930778512 0.10304538144438098
1 0.23128861657445654 0.7382627094680898 0.23279256784239583 0.09835788144438115
1 0.15684853855529535 0.8117585592778095 0.2236632293077851 0.10266337946721507
1 0.6690464868825586 0.48633286456410507 0.14183337516934208 0.11803902866891214
1 0.7520836369279872 0.3976112627772192 0.2117364393936935 0.11309154349765968
1 0.8301909475342939 0.2895175784808192 0.19899077792830405 0.10789470752810457
1 0.857971788782438 0.3564994900398062 0.15984639077317447 0.10474053262324476
1 0.9034093622790433 0.4362705616749053 0.1931812754419134 0.15715987847863158
1 0.8932365021477067 0.5743435646406547 0.21352699570458675 0.13643088441013057
1 0.7907167689947342 0.47746058886094256 0.1783440852552504 0.130440869581383
1 0.7494100955435574 0.5856205987467743 0.231885165083434 0.11079421444818678
1 0.682243606963518 0.6783930305717163 0.16181832654882305 0.11261669961943924
1 0.8521068911118587 0.6689504104960416 0.2957862177762827 0.12309789627312888
1 0.7881018605815627 0.7711615093171781 0.2770338907731743 0.1095155573378241
