1 0.11171875 0.89375 0.2046875 0.2125
1 0.29140625 0.88984375 0.1890625 0.2203125
1 0.45859375 0.88984375 0.1765625 0.2203125
1 0.64453125 0.89140625 0.1921875 0.2171875
1 0.83515625 0.89375 0.2671875 0.2125
1 0.12734375 0.64375 0.23984375 0.28046875
1 0.29140625 0.6375 0.19375 0.284375
1 0.46953125 0.63984375 0.1609375 0.2828125
1 0.6421875 0.646875 0.19375 0.2765625
1 0.8484375 0.63515625 0.234375 0.27265625
1 0.1265625 0.471875 0.19375 0.22109375
1 0.28828125 0.47265625 0.17265625 0.2296875
1 0.45546875 0.4828125 0.17734375 0.24375
1 0.59453125 0.46875 0.12578125 0.27109375
1 0.79375 0.46875 0.20859375 0.228125
1 0.15703125 0.35390625 0.17421875 0.225
1 0.28671875 0.33671875 0.15625 0.2
1 0.4453125 0.33515625 0.15703125 0.23984375
1 0.58984375 0.3453125 0.13125 0.22890625
1 0.76953125 0.35 0.13984375 0.2484375
1 0.1234375 0.040625 0.18046875 0.08125
1 0.2859375 0.04140625 0.1859375 0.0828125
1 0.4609375 0.04609375 0.159375 0.0921875
1 0.62578125 0.04765625 0.1828125 0.0953125
1 0.8140625 0.05703125 0.196875 0.1140625
1 0.76875 0.09765625 0.16640625 0.1953125
1 0.628125 0.1046875 0.18125 0.209375
1 0.46875 0.11015625 0.16953125 0.18125
1 0.3125 0.1078125 0.1703125 0.16953125
1 0.1375 0.11328125 0.14296875 0.184375
