1 0.11640625 0.09921875 0.2015625 0.1640625
1 0.2265625 0.20390625 0.115625 0.12578125
1 0.31875 0.26796875 0.0921875 0.17734375
1 0.4671875 0.04921875 0.090625 0.0984375
1 0.05078125 0.26015625 0.1015625 0.1921875
1 0.21171875 0.421875 0.16171875 0.1453125
1 0.0875 0.596875 0.17421875 0.1515625
1 0.228125 0.60078125 0.1265625 0.1171875
1 0.4546875 0.61640625 0.12734375 0.1140625
1 0.46640625 0.74140625 0.11953125 0.14140625
1 0.296875 0.69765625 0.14609375 0.13125
1 0.0546875 0.740625 0.109375 0.1515625
1 0.19296875 0.71484375 0.121875 0.103125
1 0.2328125 0.78984375 0.11796875 0.10078125
1 0.3625 0.8046875 0.125 0.10234375
1 0.459375 0.8640625 0.10546875 0.11953125
1 0.36171875 0.9375 0.14296875 0.10390625
1 0.12421875 0.82109375 0.10234375 0.1140625
1 0.05625 0.93828125 0.1125 0.1234375
1 0.659375 0.61640625 0.2171875 0.1421875
1 0.59453125 0.7390625 0.14609375 0.16484375
1 0.68359375 0.84296875 0.12421875 0.19296875
1 0.775 0.92578125 0.13125 0.1484375
1 0.59453125 0.95625 0.14765625 0.084375
1 0.7421875 0.72890625 0.11484375 0.14453125
1 0.83203125 0.590625 0.14921875 0.15625
1 0.565625 0.2796875 0.1125 0.12734375
1 0.6625 0.29453125 0.09140625 0.1375
1 0.77109375 0.2765625 0.07890625 0.14609375
1 0.709375 0.1421875 0.1015625 0.14140625
1 0.7875 0.1328125 0.09921875 0.140625
1 0.865625 0.153125 0.103125 0.16640625
1 0.9421875 0.14765625 0.08203125 0.13203125
1 0.834375 0.29375 0.078125 0.1328125
1 0.9203125 0.28671875 0.0796875 0.12890625
1 0.9703125 0.29453125 0.05859375 0.14453125
1 0.96171875 0.4265625 0.0765625 0.12265625
1 0.88515625 0.428125 0.07578125 0.14765625
1 0.796875 0.415625 0.1 0.12578125
1 0.73046875 0.428125 0.10625 0.11640625
1 0.953125 0.61171875 0.09375 0.0984375
