1 0.955753205322383 0.7668091114127421 0.08849358935523419 0.1247563472703419
1 0.4049713428896373 0.036575994879502485 0.20994268577927463 0.07315198975900497
1 0.20138076927737192 0.0804351697947979 0.1578018656270503 0.1608703395895958
1 0.3359122781746205 0.11434613715640392 0.13605419961943904 0.16380343671876346
1 0.42591253707186905 0.15139183987194443 0.1609560405319101 0.2011060156438412
1 0.12951238095008957 0.21877384485126763 0.16513420456235503 0.1888790314288568
1 0.29271005931499045 0.2648690528990672 0.1296131986308559 0.1587519156720761
1 0.3925163997331699 0.29272947141374067 0.08133752471457942 0.12164675782192055
1 0.2921675257403436 0.5013980870999342 0.14236786661563353 0.1657299577654509
1 0.21113238444731172 0.6267158764918859 0.17511669961943915 0.16607856826055958
1 0.14524208208958453 0.777777118528791 0.17881470258518867 0.1803230787839034
1 0.40722613444731176 0.6152947161520689 0.14080536661563342 0.165638952503779
1 0.3391366621276406 0.7508219634506457 0.137744033611828 0.16701944198043533
1 0.43835677623463515 0.49523284513361626 0.1466388725471326 0.19403696828879458
1 0.2491894358536368 0.8688277817817927 0.11928319368794008 0.13476838410204478
1 0.3516724487052181 0.9239409450347942 0.11670202174882985 0.10967737884037305
1 0.7045626853593452 0.8399559980044486 0.15850220258518863 0.17914001038216937
1 0.6048292822033152 0.9099793426439546 0.1499601907221905 0.12252598933548206
1 0.8819992772603994 0.8703429060663656 0.1461003616727176 0.1425654735504665
1 0.8996019768426574 0.6296878139871083 0.1535308596955513 0.13364549985882573
1 0.6634841798477756 0.04281974765151275 0.13596135771838505 0.0856394953030255
1 0.7866006862735663 0.0666370437617286 0.13949753460041095 0.1332740875234572
1 0.8773994412164822 0.0800856227573935 0.11682403855474384 0.160171245514787
1 0.9622108399238879 0.09481301407181283 0.07557832015222417 0.18111276308359245
1 0.6128687090109792 0.1655622137329944 0.16130886760421675 0.17150952090551302
1 0.7437340484405756 0.18691502701423093 0.11328786167271758 0.14065436305535756
1 0.8487544708739774 0.20820692711305297 0.12148236364988385 0.1504843893637168
1 0.941083892318796 0.2255393693052498 0.11698586463846752 0.1548988735787013
1 0.988623442699357 0.251305937777571 0.02275311460128613 0.12534861049510884
1 0.5980461581361268 0.3206970347655644 0.13197419467652338 0.14018392619541978
1 0.7138939926228073 0.3194313954018475 0.12840352570316255 0.1290644156720761
1 0.8189144150562091 0.34072329550066954 0.09463602076024671 0.10371580517696728
1 0.9084544175276671 0.34725474558537417 0.08637785178688588 0.09232327886860806
1 0.9708257890490355 0.35170775617930505 0.058348421901929015 0.07927724729857691
1 0.9615482660830672 0.5572143035343518 0.07690346783386559 0.13532982622365458
