1 0.1266820876662749 0.586160253793022 0.17292285145940203 0.25283744182452994
1 0.24108155276323878 0.5313448212215256 0.16747169236879245 0.2087048045516262
1 0.3573435267886565 0.45946943440766397 0.13274213636243806 0.1855862978836665
1 0.4652066197266419 0.42055006880562973 0.1182705332781829 0.16100088606495558
1 0.5436549480541306 0.3635823338085392 0.1406364569792892 0.19091152667183914
1 0.648650365262415 0.44413044532768753 0.14104556006354424 0.21434902667183914
1 0.5422270413991532 0.4902086066873565 0.14532395697928918 0.19129416394474283
1 0.434763368915863 0.551066745168208 0.17514782467404083 0.20153003333979883
1 0.3168979845820198 0.6251583362244352 0.17229556006354416 0.21689994182452993
1 0.21023315300812015 0.7298940204629213 0.17171490746575646 0.2730223960668951
1 0.29167802192068787 0.7701839227387344 0.16141260714144484 0.21913212152108805
1 0.30933135187302974 0.9072221818225902 0.18482283360249455 0.1855556363548196
1 0.4618932901846324 0.9011632425831342 0.17432171022570006 0.19767351483373155
1 0.5799438608014834 0.9039452216008279 0.13997398376465037 0.19210955679834427
1 0.16419313920510714 0.09555110030926076 0.15928527110331836 0.09725712152108805
1 0.31498802597458236 0.10707801592099342 0.13192393019392784 0.13871129788366643
1 0.41650961566615674 0.1177122401672382 0.12923530681713338 0.16345620636839736
1 0.5109317715103554 0.1316787585041276 0.1406364569792892 0.19091152667183914
1 0.4884761189125677 0.07351557213960956 0.1074227621748646 0.0758606115191484
1 0.606226680600965 0.09564527684101698 0.12504663879807013 0.10226361485312827
1 0.7408185000032953 0.5424081907857597 0.21269446347211093 0.2966510857653931
