1 0.11336986067157676 0.46756679175319416 0.2267397213431535 0.31859134099925884
1 0.24693185302612405 0.43856137987773103 0.21078339448421435 0.2827126295949071
1 0.37996416090451446 0.4329251174838881 0.17467929451244918 0.25001770678620333
1 0.4841889293203659 0.4365469864283787 0.15888769454068416 0.21909989745537004
1 0.5908407477220999 0.42546180640962844 0.1643032366340588 0.2320100005656478
1 0.36191617107492224 0.055220491046527084 0.15741765785015546 0.06040840263916638
1 0.4747123026873057 0.10042426724833242 0.16307539462538861 0.13085760367592564
1 0.5704952395472435 0.1276497315274063 0.15900952090551304 0.1678107995288886
1 0.6638665369728773 0.1962814458064802 0.16551712613895014 0.19947090263916634
1 0.6550445447947979 0.11855698699402653 0.1368923262236546 0.10835788708777754
1 0.7529969264071813 0.16246210334661892 0.15250191567207594 0.13615069641861083
1 0.1378691242139858 0.5719316630067589 0.20618689974588622 0.2838650264846292
1 0.2857829794474228 0.5534632099437494 0.2143634207925736 0.29079853166842556
1 0.41100278732581313 0.5471434423661103 0.18965184712916763 0.2668730161170366
1 0.5356611530825939 0.5234994737517119 0.1990268471291678 0.2676932223375923
1 0.6373069530684764 0.5174729406226839 0.15536785239083956 0.26542809330833317
1 0.7073702821347284 0.649239641942267 0.21142043131591742 0.2936501295949071
1 0.5797157189946663 0.6569168579647673 0.1840388839608707 0.2772637119699997
1 0.4595019295321274 0.6581779786526842 0.21334695236260473 0.30003683063166625
1 0.31410612954624484 0.660376882752453 0.21131401550266693 0.3185134285581478
1 0.13106757443986475 0.8100468176721755 0.19162459983059082 0.19398232026407386
1 0.2659361271271704 0.8742125519793748 0.1817483418674959 0.25157489604125055
1 0.38200147190785083 0.9145292661170366 0.1804896787556686 0.1709414677659268
1 0.4853693956136091 0.9419700524036105 0.16847552616718495 0.11605989519277884
1 0.06849531086216211 0.8255946137606942 0.13699062172432422 0.23622860885972194
