2 0.4101389911839613 0.76015625 0.2553373522617363 0.3765625
2 0.5874430464487718 0.66953125 0.13692462504240907 0.1625
2 0.6848686287554241 0.5734375 0.26669151451278844 0.34375
2 0.8825149550716267 0.55078125 0.21826888347992934 0.2546875
2 0.9354414813956785 0.3578125 0.12911703720864304 0.325
2 0.8164931070710597 0.3828125 0.10680061542376222 0.15
2 0.8313021076192137 0.18046875 0.17660717313564334 0.225
2 0.8772545030800429 0.28828125 0.13527284500534192 0.2046875
2 0.7821602578893664 0.29453125 0.15994546279135696 0.1953125
2 0.7365699940943682 0.3984375 0.13330855172143127 0.1484375
2 0.5967088859270002 0.4203125 0.12576887023308564 0.15625
2 0.6532366497219984 0.31640625 0.15053574645662096 0.2390625
2 0.5257391322988031 0.334375 0.13107641832631992 0.21875
2 0.5683283924656042 0.14453125 0.17103178493120835 0.2890625
2 0.47809529518282734 0.42421875 0.15845737386128267 0.2421875
2 0.46548371169504865 0.6 0.1948462524470708 0.165625
2 0.1808681534350134 0.72734375 0.24556055897782542 0.3203125
2 0.3013939298438832 0.59921875 0.21596233901489237 0.278125
2 0.18265136432745382 0.5546875 0.2024454760382009 0.29375
2 0.07099710171358208 0.57890625 0.11471235226173626 0.3765625
2 0.08223715815951879 0.40859375 0.14766869600113403 0.3359375
2 0.19505212748947973 0.328125 0.22597723447572138 0.3859375
2 0.3190476773968125 0.43359375 0.1683234471822604 0.25625
2 0.38668406678237377 0.28984375 0.21153278855940538 0.375
