2 0.09140625 0.62578125 0.1640625 0.30703125
2 0.24375 0.68359375 0.17265625 0.32890625
2 0.47109375 0.72265625 0.15078125 0.30546875
2 0.62578125 0.715625 0.153125 0.32265625
2 0.803125 0.70703125 0.1515625 0.33984375
2 0.9109375 0.628125 0.14609375 0.31796875
2 0.71328125 0.6109375 0.15546875 0.35
2 0.55625 0.58515625 0.14921875 0.36015625
2 0.390625 0.61796875 0.159375 0.3953125
2 0.24765625 0.321875 0.21171875 0.3828125
2 0.4328125 0.30078125 0.1546875 0.32734375
2 0.62265625 0.34375 0.178125 0.31484375
2 0.80703125 0.321875 0.1984375 0.4078125
