2 0.13684449062628015 0.5375 0.21323229213379058 0.334375
2 0.2620833488114487 0.6265625 0.2667079784983086 0.3578125
2 0.4838783426025309 0.71171875 0.23784965486088688 0.3296875
2 0.6382628247246834 0.73671875 0.24550265819486689 0.346875
2 0.8156224212409224 0.765625 0.24846816152884657 0.3640625
2 0.9072216660707746 0.7109375 0.1855566678584509 0.340625
2 0.7392516266912358 0.653125 0.2556109818322884 0.375
2 0.586094933658758 0.5953125 0.2515612106204612 0.3828125
2 0.4171536150223062 0.59296875 0.27180980880369 0.4203125
2 0.31216425758604366 0.2734375 0.32011976304605544 0.41875
2 0.49956853379884086 0.29140625 0.24757534122540506 0.353125
2 0.6827634131958367 0.37265625 0.2672501124372323 0.3453125
2 0.8561381073516735 0.38984375 0.28772378529665305 0.440625
