2 0.06349701560909662 0.20083332450210406 0.12699403121819325 0.16708335099579186
2 0.31108628902274155 0.1412946002780017 0.2008234339354164 0.16463296279135697
2 0.5736061363903364 0.09671623761779634 0.20407740870767305 0.19343247523559268
2 0.8160763785857881 0.06272688421734274 0.14742561542376223 0.12545376843468548
2 0.08147938997612444 0.4476165552648104 0.1629587799522489 0.17313494355406328
2 0.3355232607149552 0.3799925125290537 0.15320438947037918 0.18637898801910052
2 0.602157689208076 0.34181043313280823 0.17124506134007814 0.1667212524470707
2 0.8441294235989794 0.2724974048250218 0.1717906983633867 0.18234625244707078
2 0.13096964765344574 0.69613341161808 0.1914137176006804 0.20800101687504088
2 0.6379041831328083 0.5918178676163789 0.16833831614940173 0.17286212504240908
2 0.8809746260538993 0.5357315256062616 0.20011410580511538 0.14432046279135696
2 0.37465764946754426 0.6447072877567972 0.1667212524470707 0.1712450613400783
2 0.416227557457427 0.8843674992822098 0.16732145317271013 0.18843256134007796
2 0.15699640119682481 0.933995510166801 0.17133434137714504 0.12458831614940138
2 0.6728694270575405 0.841852583951115 0.17598712504240907 0.16844744355406327
2 0.9069641740623154 0.7970038423038174 0.13325398801910068 0.15134922359113007
