2 0.128125 0.5671875 0.25546875 0.271875
2 0.28671875 0.60625 0.1640625 0.27109375
2 0.34609375 0.728125 0.225 0.2375
2 0.56328125 0.78828125 0.19140625 0.32265625
2 0.6796875 0.6296875 0.16328125 0.25234375
2 0.70234375 0.5265625 0.153125 0.27890625
2 0.85546875 0.471875 0.14140625 0.325
2 0.5328125 0.6171875 0.1328125 0.2234375
2 0.48828125 0.49921875 0.14296875 0.2828125
2 0.6453125 0.346875 0.18203125 0.38359375
2 0.3375 0.4921875 0.1390625 0.24453125
2 0.1703125 0.40234375 0.15234375 0.25625
2 0.259375 0.2671875 0.17578125 0.41328125
2 0.44921875 0.265625 0.21015625 0.4578125
