2 0.08671875 0.12890625 0.1078125 0.16796875
2 0.2859375 0.13125 0.115625 0.14453125
2 0.49921875 0.1234375 0.1171875 0.153125
2 0.70546875 0.1296875 0.13203125 0.165625
2 0.91171875 0.13203125 0.11484375 0.15546875
2 0.08046875 0.38359375 0.11640625 0.15234375
2 0.2890625 0.378125 0.109375 0.1484375
2 0.4921875 0.384375 0.1109375 0.14765625
2 0.7078125 0.38125 0.12734375 0.1359375
2 0.909375 0.38046875 0.11640625 0.153125
2 0.08203125 0.6328125 0.10859375 0.1328125
2 0.290625 0.6296875 0.115625 0.1484375
2 0.5015625 0.6359375 0.1125 0.1328125
2 0.70625 0.628125 0.12421875 0.1515625
2 0.9140625 0.6359375 0.11875 0.1421875
2 0.078125 0.88125 0.11796875 0.1546875
2 0.29140625 0.88203125 0.12265625 0.14921875
2 0.5015625 0.88046875 0.1203125 0.14296875
2 0.709375 0.878125 0.10859375 0.1453125
2 0.91875 0.890625 0.1125 0.15546875
