1 0.11442891842610034 0.11802444121648217 0.1898921631477993 0.23413887254713256
1 0.3061936785723701 0.15007423174839232 0.2719876428552598 0.28588705634924094
1 0.4946931168839728 0.1452461047898165 0.22936376623205437 0.2591680474519924
1 0.7083056034912922 0.17974973326844815 0.2581160576279123 0.2962515533834914
1 0.9000936830365969 0.16567394030226107 0.19893988068039511 0.21577087452429894
1 0.8380946948077199 0.40316201144306857 0.263232025971287 0.41044138737588015
1 0.6046782228108969 0.3834875455120071 0.28614342045139995 0.47070772532260163
1 0.3730015288172514 0.35372049657713994 0.26832862905554206 0.43406988836446336
1 0.14733292167251125 0.3279233646384672 0.2946658433450225 0.4027217292769344
1 0.17267602069957655 0.6814767875661606 0.3453520413991531 0.4720739071475437
1 0.45990191640080075 0.7051649328507062 0.3133059383083074 0.5061650642579064
1 0.7514212146965175 0.7363154792769343 0.3502525592494699 0.5273690414461314
