0 0.8916159638121176 0.490387141392821 0.2145860169049314 0.7747043411013786
0 0.8570221050546524 0.5310067875540938 0.2620415919430563 0.7359039210548926
0 0.7769527453472567 0.5418407447273453 0.2491051808488894 0.7162798359055985
0 0.6579838865897912 0.5765603161308842 0.3460892836224311 0.7277414958126261
0 0.596773629655937 0.5840179010280766 0.35560975398715333 0.7346470596745964
0 0.4713372185617704 0.594027049535138 0.2586620188047922 0.7247478997675689
0 0.40780139542350646 0.6005394934668375 0.21454834289298663 0.7060636017450402
0 0.34731783710288144 0.6103954586858608 0.25223018084888943 0.716498357192922
0 0.2673212125778467 0.6181044158591124 0.24260060771062558 0.7049052933309516
0 0.15900871124666655 0.65 0.3180174224933331 0.7
