0 0.8936980248492252 0.8796386243646278 0.13007442431676958 0.15624858294074073
0 0.8377257886442233 0.771152889633193 0.11633930653075489 0.1643932736099071
0 0.7595859196770822 0.8531069357217115 0.12398811542376205 0.1603892787937035
0 0.6555829551564447 0.9186784610982865 0.13423613466105594 0.1626430778034269
0 0.6837203349233592 0.7771507369940265 0.11924605172143128 0.1584166756834257
0 0.722507527211478 0.7057733144681467 0.09175596878180663 0.1295302580585183
0 0.646641942457755 0.6298171157404617 0.10074902286549073 0.11941296427907382
0 0.54714293946253 0.6577186488694897 0.15044148801910034 0.1595881964186109
0 0.5322768860118183 0.7896036359099992 0.1677033990890262 0.20783020678620331
0 0.39698173755576427 0.7068902977854622 0.11524803248413758 0.1331432736099071
0 0.26556549101432536 0.1330536736571754 0.10392858656782167 0.1212488663525924
0 0.32870289727492763 0.17907836460916604 0.07849207694917482 0.10656164976444434
0 0.1885516124285373 0.20264442078245337 0.1030208509957919 0.13986216531583312
0 0.29887404273575663 0.28395179231884204 0.10302085099579195 0.13986216531583312
0 0.3810144201404183 0.294253596748703 0.07780259618646852 0.131424948727685
0 0.40510917376861544 0.38203656074495296 0.05036707694917482 0.1041010311027776
0 0.3397222759455337 0.4277209161643049 0.1120684687818068 0.13130737153638866
0 0.26460322485707455 0.39544636691824026 0.10285715988879929 0.13517466531583314
0 0.21586313529402804 0.3156324363338422 0.08388890507947595 0.1272842528747221
0 0.4206597958157995 0.5820071664471289 0.07849207694917482 0.10656164976444416
0 0.3700397477225653 0.5152694343075919 0.09170140507947586 0.1279677580585183
0 0.28510175253188874 0.5140692278042124 0.09121033175849824 0.1139052580585183
0 0.34736862875542407 0.6020763672010642 0.07514882213985138 0.10003824769092588
0 0.2790278565229055 0.6077802715836569 0.08737600362819702 0.09331935598499985
0 0.22600949472734042 0.5392749878889811 0.05267362141421197 0.08093693317629622
0 0.21482396886662478 0.46430438218680514 0.06259425843752045 0.09738213939685174
