0 0.8876122627303467 0.6985751808905276 0.19837260334222256 0.414326299589726
0 0.6080345187142702 0.6815465819347903 0.4844945541396532 0.5779440493892333
0 0.44060605689892285 0.9391133960466632 0.13088763050895835 0.06138963112353082
0 0.19504029018142283 0.9015704649324212 0.37725609707395846 0.19235990166896286
0 0.22325304920256933 0.6148633703263615 0.44650609840513866 0.7296482593472771
0 0.779734866072569 0.30745511865275443 0.4345659829012504 0.5102111751141795
0 0.3870265681042708 0.0435463226107354 0.23219686379145843 0.0870926452214708
0 0.8009241075231943 0.10414916804198764 0.34815178495361143 0.20829833608397527
0 0.69022365007625 0.06401034273195988 0.31330269984750014 0.12802068546391976
0 0.18424771343086804 0.1859375 0.3684954268617361 0.371875
0 0.499068053952222 0.25983417344057236 0.4701774810013893 0.5196683468811447
