2 0.50703125 0.7140625 0.109375 0.11484375
2 0.6578125 0.72421875 0.09765625 0.1453125
2 0.51796875 0.8421875 0.10625 0.14375
2 0.746875 0.6046875 0.1484375 0.20546875
2 0.8765625 0.53203125 0.12421875 0.20078125
2 0.73125 0.5078125 0.13203125 0.15859375
2 0.52578125 0.58984375 0.1203125 0.16171875
2 0.26484375 0.6640625 0.26640625 0.1796875
2 0.34140625 0.5453125 0.1453125 0.203125
2 0.446875 0.4765625 0.128125 0.16953125
2 0.56640625 0.478125 0.121875 0.16953125
2 0.28671875 0.39296875 0.13125 0.19609375
2 0.15 0.41875 0.13828125 0.215625
2 0.1046875 0.2671875 0.13203125 0.196875
2 0.24453125 0.25390625 0.1234375 0.18203125
2 0.45390625 0.31328125 0.1046875 0.19453125
2 0.571875 0.32890625 0.1078125 0.19765625
2 0.76171875 0.3328125 0.09921875 0.209375
2 0.871875 0.334375 0.1328125 0.22578125
