0 0.11330742731540991 0.1393907718992251 0.1608851453691802 0.2741755845145814
0 0.18901595198122814 0.15049705505721717 0.20321809603754373 0.2893790823551131
0 0.2771972046467282 0.1647481246124038 0.20185559070654363 0.3064664528054638
0 0.37787845731222824 0.17980023056478503 0.2129930853755435 0.32435485965300903
0 0.4731091413112738 0.19293938309339362 0.1944067173774524 0.33721580505721716
0 0.5862813033100011 0.2095737754429694 0.20868739337999784 0.3568669710040611
0 0.671991536640683 0.23461215067368207 0.23227034404836147 0.37086891424880086
0 0.7733176793045923 0.26143307140088795 0.22447602538190664 0.3719307665005543
0 0.8872256379694559 0.28202377852528837 0.17425784937936156 0.34997662091177606
0 0.9441023466343197 0.29895975708748856 0.11012262404517976 0.33962130937615387
0 0.04140515531509174 0.4550973126153563 0.08281031063018349 0.3726946252307126
0 0.08348356731381909 0.48514456045588794 0.16696713462763818 0.39528912091177587
0 0.17156208593254854 0.508239703885198 0.22494874005408844 0.41255576650055426
0 0.26124220393063957 0.528059652990034 0.1795998773869975 0.40652700956072396
0 0.33306265993000317 0.5373531122739027 0.18270669605345208 0.40516476866002266
0 0.4063274372613215 0.5569029511074207 0.19680555872054306 0.40919093460686645
0 0.479519489258458 0.5827027899409389 0.18385102538190684 0.369327398209672
0 0.5449535852562308 0.6033144810262103 0.1646464920432706 0.3290633436138801
0 0.6086706399188674 0.6371072925618325 0.13617604670590727 0.2975735117201923
0 0.6866047359166402 0.6585200200442987 0.15338172803945263 0.30023743676633485
0 0.755363826583413 0.6621444702288687 0.16891582137172562 0.293426232262828
0 0.8390666645846856 0.6581264011351073 0.1806533000477252 0.3628771391103733
0 0.9065445185789585 0.7046695365448529 0.13610332137172562 0.29132351172019233