0 0.9203125 0.540625 0.11015625 0.33671875
0 0.8171875 0.5328125 0.0984375 0.36796875
0 0.734375 0.54296875 0.0765625 0.36015625
0 0.65703125 0.53671875 0.08359375 0.34765625
0 0.58359375 0.54140625 0.0796875 0.36328125
0 0.5078125 0.55234375 0.0734375 0.32890625
0 0.4390625 0.5484375 0.06875 0.33046875
0 0.36796875 0.578125 0.0734375 0.26875
0 0.296875 0.5734375 0.08359375 0.265625
0 0.21640625 0.56875 0.0953125 0.25
0 0.1484375 0.525 0.0859375 0.31796875
0 0.06953125 0.56640625 0.08359375 0.2734375
0 0.7921875 0.15546875 0.09765625 0.31015625
0 0.69296875 0.15625 0.10390625 0.31171875
0 0.48046875 0.16015625 0.10390625 0.31953125
0 0.3859375 0.16015625 0.1015625 0.31953125
0 0.2765625 0.16015625 0.09609375 0.31953125
0 0.1796875 0.15859375 0.0984375 0.31640625
0 0.08359375 0.1609375 0.10234375 0.32109375
0 0.8828125 0.15625 0.10390625 0.31171875