1 0.14956157924078986 0.6249994842481845 0.21110216822512737 0.31396613152302777
1 0.2532274556060271 0.5404487542520637 0.1921612706844554 0.2796230824314133
1 0.3661456121236895 0.47775704880175035 0.1591760538619426 0.24725712152108806
1 0.4586149132551577 0.4368447485021879 0.14494083703943 0.21642170970237729
1 0.5456972776183424 0.3814235380509047 0.14971015027114642 0.23086684697528082
1 0.16191821701890446 0.11326475879399167 0.15529655405833437 0.11731453000581901
1 0.28616423809614333 0.11871714652593723 0.15553290339440445 0.157939530005819
1 0.3885807109687803 0.1145713936509993 0.14936471662612102 0.17149184697528086
1 0.5017710573779841 0.13944346107950312 0.152635162371395 0.19674693849054994
1 0.4575716054843902 0.07877715698691885 0.13173178903121965 0.09352634364130097
1 0.5630312651253104 0.08894899562724998 0.14581246974937906 0.09779925546001178
1 0.22098206128680897 0.7089915890993731 0.187482861043535 0.2808029451585098
1 0.34103600693388697 0.6289050895584151 0.19533172247985356 0.28769067394668235
1 0.44611893755385035 0.5694819053199289 0.1733294574527388 0.2640300333397988
1 0.5442569765850701 0.49464101517208736 0.1811419574527388 0.2646677621279716
1 0.6289592295119364 0.4452784860843523 0.13897263817089806 0.2643490266718391
1 0.7511427808397962 0.5365408280586633 0.19378740319801277 0.29068812818904777
1 0.6444837146812133 0.5981802165395149 0.16558968032537572 0.2758923045516262
1 0.5410041906771083 0.6506996965356355 0.19538626463433104 0.2970656739466824
1 0.41557239862082646 0.7147147859248728 0.19237943930236626 0.3171230824314133
1 0.3267770224519809 0.9173066712166765 0.18071471057599683 0.165386657566647
1 0.47531451640185673 0.9021995840984033 0.1653896924256241 0.19560083180319338
1 0.6065236097859985 0.9165089944796451 0.16682492739850954 0.1669820110407098
1 0.7159713326586354 0.9199925396333057 0.1573317527304745 0.16001492073338852
1 0.2625963477839459 0.9310902454580721 0.1618283551898026 0.13781950908385596