1 0.10549482863402007 0.13937011646291486 0.20435930373891079 0.19124023292582973
1 0.218907978428883 0.239469693011738 0.1368632278041831 0.1425703595655099
1 0.3207673989696704 0.30005639020734753 0.12178360207923689 0.1900252137039528
1 0.4322097713706244 0.076343330505552 0.10648864357108571 0.11140889077317435
1 0.0672638906713006 0.3023337839211979 0.10421759378086706 0.20466756784239584
1 0.24017136225170638 0.4584653544771273 0.1855142153566285 0.16846447421940242
1 0.14560791391602473 0.6379304471956095 0.20005031203728052 0.1754514586155702
1 0.28558171848012803 0.6367065411572872 0.14564623195336796 0.13524918249628826
1 0.511789020969639 0.6438926786511011 0.1469719336130419 0.13220606965141818
1 0.5438580049975995 0.7692987924004825 0.14273471950581323 0.15844102103089916
1 0.3690113703495835 0.7313440117586449 0.1671427236549982 0.15193871551297508
1 0.13636573632626744 0.7829596641789227 0.13407011452679143 0.16732469810012063
1 0.26862120665727335 0.7517616530976462 0.1383306394219007 0.12085913387576941
1 0.32088336889969094 0.8253120177515388 0.13496884108157473 0.11757035956550972
1 0.45164811682509853 0.8360558452048732 0.14133724025173766 0.1194604081860291
1 0.5570585898553968 0.892159760288307 0.12533373195336797 0.1341846494796016
1 0.470791048363548 0.9530065705559293 0.15996884108157464 0.09398685888814136
1 0.21849299732392957 0.8604096347802805 0.12173513527271584 0.1277708751693421
1 0.16837644338452612 0.9548070087064271 0.1304230510396184 0.09038598258714572
1 0.7143928800978457 0.6373914523955339 0.24032011452679142 0.17289302464894368
1 0.6701361624661322 0.7619100955435574 0.17275410622842174 0.1849149898232348
1 0.7750739614311581 0.8631217927391669 0.15601689212119307 0.2104948439616777
1 0.8791354220139018 0.9295225621881862 0.1558267153566284 0.14095487562362763
1 0.705284447533711 0.9634040386130959 0.16202824855010753 0.07319192277380822
1 0.8145131244987684 0.7469102945481891 0.1382840178461393 0.16132035956551008
1 0.8808457516736071 0.6056512087271118 0.17528711037760658 0.17726626413349428
1 0.5669320039486923 0.3036195607178483 0.13373822780418312 0.14240658525525038
1 0.6650618506293442 0.31498750791345775 0.11413612282516113 0.15071705223856363
1 0.7700211151514914 0.29325302803984576 0.10222811867597628 0.1578744549975256
1 0.6868156836130419 0.16049808174874744 0.12542882033565023 0.15597776232447186
1 0.7629754419114116 0.14892649592767015 0.12218542116548736 0.15425148801421243
1 0.8436693348577974 0.1663839908392875 0.1304482070582587 0.18114153663473137
1 0.9185033914964933 0.15785551786308044 0.10428752614450901 0.1439757293077851
1 0.8349716089277142 0.3083291514001656 0.099600026144509 0.14373006784239584
1 0.9190030668111653 0.29794825135473707 0.10092572780418294 0.1406869549975256
1 0.9646500520769147 0.304515833896454 0.07069989584617069 0.15212242198083886
1 0.9673028393193321 0.4367108582067135 0.06539432136133563 0.13271068068726616
1 0.9072395404661636 0.4405108876053557 0.10066561867597627 0.15779256784239593
1 0.8178218429556745 0.4311558197629598 0.1211198286340199 0.1401889880142125
1 0.7543988829976308 0.4465075028250752 0.12509693361304192 0.1310596494796016
1 0.974341762247062 0.6219080517842783 0.051316475505876015 0.1109994549975255