1 0.11024531544191044 0.8371612361203393 0.18674150626826408 0.24755252775932135
1 0.2653692265360771 0.8459984107050567 0.21969947663298628 0.25590524830195704
1 0.43221188763024376 0.8540846136674037 0.2071267414506252 0.25197921190476225
1 0.6168778283596883 0.854769326808784 0.22216985999173638 0.22798050740125575
1 0.8054318352935426 0.8544224660760408 0.2950618461240282 0.20924909623477356
1 0.13809298603538245 0.5881334508028789 0.25560191546256966 0.3237330983942421
1 0.2907822281515977 0.5932145697120701 0.23369054787138915 0.3207687846991515
1 0.4671271758148963 0.6061687453765215 0.20073257750666684 0.3124160641565158
1 0.6388755424561464 0.6233295596899209 0.23350870991548636 0.3129562846991515
1 0.8454346669811812 0.6233937091362105 0.27257120991548617 0.31545952344038464
1 0.14274085239229203 0.4180514882798077 0.22442334422416685 0.25776813695090495
1 0.3033698810776393 0.42810070944075224 0.20578244699770848 0.2612540823551132
1 0.4689227991056601 0.4480057919527489 0.21239612290951407 0.27727960055371026
1 0.6088392842880213 0.4421691972591347 0.16443140159486128 0.2944880845145814
1 0.8070592319513199 0.4537215592284955 0.2402301821800698 0.26658193244739825
1 0.18463545203170165 0.30191654611480206 0.20570971181534742 0.2581290823551131
1 0.3158490844405211 0.29194316394425907 0.18474259517409736 0.228702398209672
1 0.4732985617390975 0.29984889420450234 0.19037565254479194 0.2696277868586199
1 0.6161224945847572 0.3180808551864141 0.16348584422416684 0.2538630845145814
1 0.7948657436348266 0.3332285865263914 0.17489612290951406 0.2748764913621267
1 0.1826131314588889 0.02219637260981901 0.19022626291777783 0.04439274521963802
1 0.34378702080156254 0.02729608035252829 0.19694904160312507 0.05459216070505658
1 0.5167887629177779 0.03618212214839368 0.17107752583555574 0.07236424429678737
1 0.6812331226251737 0.043825838990401614 0.1964775693385418 0.08765167798080323
1 0.8679161582443751 0.0592122046603903 0.21257534802388917 0.1184244093207806
1 0.8187344290459375 0.09720760641841915 0.194044859991736 0.1944152128368383
1 0.677873039703264 0.10079188502676191 0.21003353590354196 0.20158377005352382
1 0.518951981382639 0.09119504318475398 0.1952800516711113 0.18239008636950796
1 0.3638280702884723 0.08206392350498304 0.19328114057694457 0.16412784700996608
1 0.1887189675149306 0.08258316008674774 0.16806293502986125 0.16516632017349547