1 0.12890625 0.5109375 0.13203125 0.21953125
1 0.2515625 0.4671875 0.13515625 0.17421875
1 0.37890625 0.40703125 0.10390625 0.16015625
1 0.49296875 0.37890625 0.09296875 0.13671875
1 0.5796875 0.3296875 0.1109375 0.1625
1 0.671875 0.41953125 0.10625 0.18828125
1 0.55859375 0.4546875 0.11640625 0.16171875
1 0.4421875 0.5046875 0.14453125 0.165625
1 0.3125 0.5671875 0.1390625 0.18203125
1 0.18984375 0.66015625 0.1265625 0.240625
1 0.26484375 0.7078125 0.12734375 0.18671875
1 0.2578125 0.86484375 0.15078125 0.1875
1 0.41015625 0.88515625 0.1328125 0.22890625
1 0.528125 0.89140625 0.1 0.2171875
1 0.24296875 0.03046875 0.14921875 0.06015625
1 0.3921875 0.05546875 0.1125 0.1109375
1 0.49140625 0.07578125 0.1046875 0.13671875
1 0.58515625 0.090625 0.10703125 0.18125
1 0.57109375 0.0328125 0.096875 0.06484375
1 0.6875 0.05703125 0.10625 0.10703125
1 0.7484375 0.525 0.16640625 0.25390625