3 0.3484375 0.74140625 0.19453125 0.353125
3 0.53984375 0.6765625 0.1109375 0.1484375
3 0.653125 0.5953125 0.2125 0.31796875
3 0.85234375 0.60078125 0.17890625 0.23203125
3 0.95078125 0.41953125 0.0984375 0.3140625
3 0.81640625 0.42578125 0.08359375 0.13984375
3 0.86640625 0.22890625 0.140625 0.20703125
3 0.89296875 0.34140625 0.1015625 0.19296875
3 0.79765625 0.334375 0.1296875 0.17890625
3 0.734375 0.43046875 0.11015625 0.134375
3 0.5921875 0.4328125 0.10078125 0.14296875
3 0.66640625 0.33828125 0.11171875 0.225
3 0.53671875 0.33828125 0.0953125 0.2078125
3 0.61328125 0.15625 0.1234375 0.27734375
3 0.47421875 0.41953125 0.11875 0.228125
3 0.43125 0.59140625 0.1703125 0.14375
3 0.12734375 0.67734375 0.1953125 0.2953125
3 0.26875 0.56796875 0.17265625 0.25625
3 0.15859375 0.50703125 0.15625 0.27421875
3 0.03515625 0.51484375 0.0703125 0.3703125
3 0.065625 0.346875 0.13125 0.32109375
3 0.2109375 0.2859375 0.16328125 0.3671875
3 0.31484375 0.40703125 0.12734375 0.240625
3 0.40703125 0.275 0.15 0.3578125