3 0.10390625 0.09296875 0.1234375 0.17421875
3 0.3 0.1 0.13359375 0.171875
3 0.50078125 0.10078125 0.14296875 0.15234375
3 0.69453125 0.1015625 0.1390625 0.16875
3 0.9 0.10859375 0.15 0.1546875
3 0.0921875 0.2984375 0.1359375 0.15625
3 0.29765625 0.29609375 0.121875 0.17890625
3 0.50234375 0.30703125 0.11484375 0.1484375
3 0.6953125 0.30703125 0.13359375 0.1828125
3 0.89140625 0.31015625 0.1296875 0.16796875
3 0.103125 0.50859375 0.1265625 0.15859375
3 0.3 0.5140625 0.10703125 0.159375
3 0.5078125 0.49609375 0.14453125 0.17578125
3 0.69609375 0.5046875 0.12421875 0.15546875
3 0.9015625 0.50859375 0.13671875 0.16328125
3 0.09140625 0.70234375 0.15078125 0.18203125
3 0.2953125 0.71015625 0.12578125 0.15625
3 0.5 0.70703125 0.1671875 0.16640625
3 0.7015625 0.69609375 0.125 0.16640625
3 0.90078125 0.703125 0.13515625 0.17734375
3 0.1 0.9109375 0.13671875 0.16484375
3 0.296875 0.9046875 0.12890625 0.17734375
3 0.50703125 0.90546875 0.128125 0.17890625
3 0.696875 0.9015625 0.15390625 0.1640625
3 0.9 0.909375 0.1421875 0.15703125