3 0.12530855132785987 0.09078113319812343 0.13375789734428026 0.17256392946385704
3 0.320571054352922 0.11417477946850144 0.14322380093507636 0.18889932448483515
3 0.5212841266598248 0.14110782283445 0.15092721662612102 0.17074132033565032
3 0.7141892441462675 0.16666762034958346 0.14946471057599667 0.18781042116548727
3 0.9195580001963917 0.19942461122602112 0.15875789734428025 0.1744583161864654
3 0.10151146126336785 0.2851580952307596 0.14469539734428025 0.17339272365499828
3 0.3069302142884299 0.3093213361071972 0.1323226623713949 0.19432053029369403
3 0.510713744440855 0.34586617781347184 0.12277494554888228 0.16392263527271583
3 0.7036234071068377 0.3706447253286053 0.1448499334486339 0.19995522365499827
3 0.898854093875121 0.3995071215989833 0.14008062021691714 0.18553752614450908
3 0.10028880796715926 0.49531434523075957 0.13533857806243949 0.1758073286340201
3 0.2962871091968233 0.526579691086219 0.11657948770335987 0.17282403859206372
3 0.5049217658126816 0.5353547303029828 0.15418857201231528 0.1944156186759763
3 0.692317226683266 0.5675313807225456 0.13375789734428026 0.17256392946385707
3 0.8976996182720096 0.5979446215989833 0.14630334913967857 0.18132362282516112
3 0.07876430767257167 0.6866255068484772 0.15752861534514334 0.2011392153566284
3 0.2803070643118711 0.7207673989696703 0.13532039734428025 0.17268232863402008
3 0.484949112516473 0.7440901902610264 0.17601812021691715 0.1882607070582587
3 0.6872974076960128 0.7586416327971381 0.13382152985783763 0.1835014294638569
3 0.885634913746137 0.7908658274078422 0.144822662371395 0.1952677236549981
3 0.07373383568369751 0.8950416580932327 0.14631243949875797 0.18288612282516112
3 0.27058156460645866 0.9086251950233002 0.1385726623713949 0.18274960995339953
3 0.4806696369133615 0.9220562892167636 0.13858175273047452 0.15588742156647264
3 0.6704815706565829 0.9350254421235153 0.1634999394987579 0.12994911575296939
3 0.8727525977839459 0.9538660867318971 0.15089085518980241 0.09226782653620588