3 0.29140625 0.5546875 0.2125 0.27578125
3 0.14375 0.75234375 0.2640625 0.24296875
3 0.32265625 0.75 0.17578125 0.23203125
3 0.5078125 0.7109375 0.1609375 0.30703125
3 0.62109375 0.82109375 0.18046875 0.23828125
3 0.6765625 0.65703125 0.1765625 0.3484375
3 0.70703125 0.4796875 0.21953125 0.28203125
3 0.846875 0.690625 0.23125 0.259375
3 0.8390625 0.56875 0.1421875 0.20703125
3 0.8828125 0.41796875 0.19296875 0.196875
3 0.64609375 0.36484375 0.14375 0.23671875
3 0.459375 0.5921875 0.17421875 0.27734375
3 0.41484375 0.38515625 0.23828125 0.2765625
3 0.1734375 0.3921875 0.1828125 0.2734375
3 0.15625 0.596875 0.1765625 0.2109375
3 0.346875 0.2484375 0.1421875 0.309375
3 0.50625 0.2546875 0.13515625 0.3140625
3 0.6796875 0.2390625 0.134375 0.29375