3 0.3176350156706602 0.5632553983503247 0.26497691546256974 0.3303681710652773
3 0.21182534602711872 0.7932736719602319 0.30818140159486135 0.3107583000945365
3 0.386842876612327 0.7450823053248155 0.22009952013597242 0.278103042036018
3 0.5609694012136117 0.6586096886893992 0.2201735617390975 0.3482788409992589
3 0.6935111039109034 0.7362576521200013 0.22493249050069455 0.28476314514629575
3 0.7153101026766325 0.5629083350134735 0.24306685429215308 0.39394265551388835
3 0.7103283958952782 0.3825079355318532 0.2729712534184724 0.3388641762490736
3 0.8743324252462156 0.5513379735618535 0.2513351495075689 0.3182782741755551
3 0.8579314009292712 0.43457013859486276 0.18187216831236128 0.2435722171537961
3 0.8707190756068058 0.2776660277088906 0.23030966831236127 0.24780994929333292
3 0.6282588186729516 0.28713593840657525 0.18881315254479195 0.273806521300833
3 0.48969185362656303 0.5560307843068065 0.227367812689028 0.32239984618305506
3 0.40544022093340315 0.36690878718152853 0.29012238582729194 0.33880538765342544
3 0.16986705005559066 0.4368377442505558 0.23514394509784747 0.32152085136685143
3 0.1933812045002436 0.6398848318094448 0.21650174145062523 0.25751713996249953
3 0.3119603650257294 0.25218119731356536 0.2014235617390975 0.34663842855814775
3 0.4692637187492016 0.21649939260088052 0.19524629692145865 0.34921662441111073
3 0.6369590586049654 0.16033509564064868 0.19008601823611143 0.32067019128129737