3 0.1140625 0.13125 0.1296875 0.14140625
3 0.3796875 0.12578125 0.17578125 0.1296875
3 0.64453125 0.1265625 0.16875 0.1796875
3 0.8875 0.13828125 0.12109375 0.13046875
3 0.10546875 0.38046875 0.14765625 0.14296875
3 0.3703125 0.36796875 0.12109375 0.1625
3 0.63671875 0.38515625 0.14375 0.1375
3 0.88359375 0.3671875 0.140625 0.15390625
3 0.12578125 0.6390625 0.15625 0.1765625
3 0.63671875 0.640625 0.13984375 0.1453125
3 0.8828125 0.6359375 0.17890625 0.1078125
3 0.371875 0.63828125 0.13828125 0.14375
3 0.37890625 0.88515625 0.13515625 0.1625
3 0.11484375 0.90234375 0.14453125 0.14140625
3 0.63671875 0.89609375 0.1484375 0.13828125
3 0.8890625 0.903125 0.1421875 0.12421875