3 0.15757298304138 0.5132892459818644 0.28137854838564225 0.3077965080362711
3 0.30103619271850846 0.5725904259627745 0.2135360769216895 0.2929522106938169
3 0.3484463478047417 0.7010148706238202 0.26869445781510165 0.2701692387014528
3 0.5596621377133285 0.7884495939290487 0.2505309627775002 0.3496022000318167
3 0.6905760357702484 0.6454433865770495 0.20953778163641915 0.27416584802672617
3 0.7227099855225794 0.5465786252387316 0.20445217535011295 0.29909312269254434
3 0.8805567187733564 0.5119116292170963 0.2018751389561828 0.3443510786919079
3 0.5452977690210254 0.6143035692632305 0.1736345148871962 0.2409533586887264
3 0.5114599623632156 0.4919745832670485 0.19522272456432468 0.30210903469127165
3 0.6820185572769824 0.3610138425764132 0.253223623240417 0.4074147000318167
3 0.36171251943531013 0.46557680995386574 0.18402835938667828 0.2629374466899989
3 0.20412899772368842 0.35484948997454663 0.19874583085063086 0.2771635786919079
3 0.3047389656729845 0.23251940929345638 0.2514813407754284 0.43706583736472576
3 0.4941846093866782 0.25532855860123027 0.29436235359570995 0.48597605203690747