3 0.4234375 0.27265625 0.15234375 0.1703125
3 0.5765625 0.2671875 0.14921875 0.165625
3 0.34296875 0.43671875 0.15078125 0.165625
3 0.4953125 0.4375 0.15078125 0.18046875
3 0.64765625 0.434375 0.16328125 0.18359375
3 0.26328125 0.60859375 0.146875 0.18515625
3 0.42109375 0.5984375 0.15078125 0.17890625
3 0.57734375 0.5984375 0.1375 0.17265625
3 0.72421875 0.59140625 0.1640625 0.18125
3 0.2015625 0.75859375 0.15625 0.16640625
3 0.35625 0.75390625 0.14609375 0.18046875
3 0.49609375 0.75625 0.1484375 0.16875
3 0.64921875 0.76015625 0.16328125 0.16953125
3 0.8078125 0.7625 0.15703125 0.1875