3 0.4289209273003136 0.28601692258748906 0.1556965298578376 0.1788393065307547
3 0.5820322917616942 0.28902041541591295 0.15254425878059868 0.174042679126093
3 0.34627711982413373 0.4463790145127883 0.1541067587805987 0.17409724282842393
3 0.49863905054229296 0.4548239754900467 0.15575107201231528 0.18821430653075472
3 0.6509782553627532 0.45936268646730516 0.1682692527304745 0.19177581614940156
3 0.26523671896381207 0.6138269201404183 0.15109084308955412 0.19273811542376224
3 0.423003767168414 0.6115253540758347 0.15417948165323558 0.18659724282842377
3 0.5792719478865732 0.6201067243089204 0.14164312021691713 0.1799107332097769
3 0.7261196768093343 0.6205482123280208 0.168260162371395 0.19021331614940157
3 0.20125655307637574 0.7600000264936878 0.16035675878059868 0.17431549763774737
3 0.3559349627172961 0.7638393330244425 0.1510635720123153 0.18805061542376206
3 0.495805983794535 0.7734102843830541 0.15256243949875792 0.177167679126093
3 0.6489673452308534 0.785007527211478 0.16662493949875792 0.1776587524470706
3 0.807592911487632 0.7960144929980599 0.16204652380771342 0.1962450613400783