3 0.07695081846155052 0.13547740394404784 0.12059961037760658 0.17691954274124866
3 0.27599196970630596 0.15291704813983337 0.12651772365499828 0.15251153859206382
3 0.48986521555712115 0.16126603486708618 0.12879061867597627 0.1620049377622268
3 0.695641618876469 0.18314472532860532 0.14380031203728053 0.17557053029369402
3 0.9017140201212245 0.20111716579012445 0.12746491701630233 0.16501153859206372
3 0.0575079065314829 0.38969130726339574 0.1150158130629658 0.1618865385920638
3 0.26040990082054816 0.4000288464801594 0.12062292116548727 0.15672544191141177
3 0.4630613041398961 0.42167073860135257 0.12206702199532433 0.15528134108157463
3 0.6789231024802221 0.4348848240838499 0.1384257278041831 0.14564623195336796
3 0.8805448020653037 0.44937706703488 0.12722811867597628 0.1618865385920639
3 0.046899525407951906 0.6390284564335588 0.09379905081590381 0.14110044191141177
3 0.24291013442430134 0.6517097456503225 0.12687292116548726 0.1571990385920639
3 0.45337403774364926 0.6739436336223307 0.12256392946385705 0.14133724025173783
3 0.6586535335944644 0.6816414249136868 0.13648471950581326 0.1610344336130419
3 0.8658740377436492 0.705201014545369 0.12952432448483506 0.1511858369323898
3 0.038291813475562084 0.8871699585081512 0.07658362695112417 0.1636858369323896
3 0.22456991844297297 0.9041126952354042 0.1332413203356503 0.15923513527271566
3 0.43484456761313595 0.9184748836223307 0.13120522365499826 0.15286673610255264
3 0.6428346663683806 0.9275390011491534 0.12038612282516112 0.14492199770169306
3 0.8512624730070764 0.9389281709649946 0.12433991701630234 0.12214365807001074