3 0.11118050705962898 0.24394815009882204 0.15041650329870532 0.2910939788121382
3 0.3097400275136001 0.2096887292356613 0.13359271615168672 0.30259292093374796
3 0.5415068530612784 0.16019144524655576 0.1802571159934022 0.24447658404557523
3 0.7788931927947218 0.1424523954724347 0.1835639724198927 0.25090859456891895
3 0.8848239102000497 0.42113956661794416 0.16721154671392996 0.22499854195220054
3 0.6724148384132951 0.4366412822053157 0.1939104390337981 0.23123313140062188
3 0.440466156439126 0.47988856619442116 0.165086757059629 0.2591915314288567
3 0.19222488473151364 0.527997655431081 0.17506951082055267 0.2270160682605596
3 0.16699653035008696 0.8174542685570259 0.1357462495377816 0.3229964261954198
3 0.4205989034696252 0.8191176661661863 0.1413142879384413 0.2999229472421071
3 0.6864368521368416 0.7840700190511359 0.17400711599340218 0.24411256299888784
3 0.9175360879510766 0.7385244876928664 0.13413828543115897 0.32134292093374783