1 0.08203125 0.12734375 0.1640625 0.2546875
1 0.27734375 0.14140625 0.24375 0.2828125
1 0.46484375 0.121875 0.2046875 0.24375
1 0.6796875 0.13359375 0.23046875 0.26640625
1 0.88984375 0.09453125 0.2203125 0.1890625
1 0.83203125 0.3390625 0.2234375 0.38203125
1 0.5984375 0.34921875 0.240625 0.43984375
1 0.365625 0.34921875 0.2265625 0.4046875
1 0.134375 0.35390625 0.26796875 0.36875
1 0.19453125 0.7015625 0.3140625 0.43203125
1 0.48828125 0.6875 0.26484375 0.471875
1 0.78359375 0.703125 0.2953125 0.534375