6 0.78984375 0.91328125 0.4109375 0.1671875
6 0.89140625 0.76328125 0.2078125 0.1953125
6 0.83671875 0.584375 0.3171875 0.265625
6 0.83359375 0.26015625 0.3234375 0.2359375
6 0.93359375 0.0578125 0.1203125 0.115625
6 0.63359375 0.06015625 0.3609375 0.1203125
6 0.4125 0.26328125 0.43125 0.2796875
6 0.52734375 0.48515625 0.3453125 0.2296875
6 0.54609375 0.63125 0.2296875 0.15625
6 0.36640625 0.6875 0.3828125 0.246875
6 0.3234375 0.875 0.415625 0.24375
6 0.07890625 0.859375 0.1578125 0.2375
6 0.128125 0.4625 0.25625 0.24375
6 0.084375 0.14296875 0.16875 0.2796875