6 0.83203125 0.840625 0.1109375 0.134375
6 0.790625 0.73203125 0.096875 0.1453125
6 0.70078125 0.81171875 0.1046875 0.1390625
6 0.58515625 0.88671875 0.1109375 0.1640625
6 0.634375 0.73515625 0.1 0.1390625
6 0.68359375 0.66484375 0.0765625 0.1140625
6 0.61796875 0.5875 0.0859375 0.103125
6 0.5140625 0.6140625 0.13125 0.134375
6 0.48046875 0.74453125 0.1421875 0.1796875
6 0.35625 0.66015625 0.1 0.1140625
6 0.30390625 0.0875 0.0890625 0.103125
6 0.3609375 0.134375 0.065625 0.09375
6 0.21640625 0.15546875 0.0859375 0.1234375
6 0.31640625 0.23828125 0.0859375 0.1234375
6 0.39765625 0.25 0.0609375 0.11875
6 0.409375 0.3375 0.0375 0.096875
6 0.3375 0.38125 0.096875 0.1125
6 0.26640625 0.3484375 0.0859375 0.11875
6 0.228125 0.26796875 0.06875 0.1140625
6 0.396875 0.5359375 0.065625 0.09375
6 0.35546875 0.46875 0.0765625 0.1125
6 0.2703125 0.46640625 0.078125 0.0984375
6 0.3203125 0.5546875 0.0625 0.0875
6 0.25078125 0.559375 0.0765625 0.078125
6 0.20703125 0.490625 0.0421875 0.071875
6 0.20625 0.415625 0.05 0.0875