6 0.7509693012856354 0.7599264607733588 0.434546397847523 0.41108623472308814
6 0.8601710967757936 0.3453468874522218 0.2237800641014079 0.24466016136218052
6 0.9604408862700957 0.10575822346431216 0.06544952564056317 0.09758407200827235
6 0.8225577425564019 0.12916735677908572 0.12704199710451575 0.1123556440165447
6 0.7042272735736486 0.10199523476285921 0.09328342721213971 0.09166133601209037
6 0.4107744867699429 0.8474237240610881 0.27312509263745516 0.23117946403563466
6 0.09472803329355824 0.8192505340149537 0.18945606658711647 0.3135010680299075
6 0.2554514017809736 0.5571788900381801 0.2955952138109576 0.4453874147039983
6 0.5771509274215367 0.46399470074790533 0.3978083771693585 0.3934805640515432
6 0.49155383747016873 0.2542918894016332 0.3343536910658786 0.23813853604390706
6 0.16144153711780115 0.2652357433561353 0.3228830742356023 0.23813853604390706
6 0.5974143473949661 0.09606231341499624 0.08481595574818712 0.07750792934436312
6 0.4773929458233896 0.088412350731997 0.1165026033908223 0.08724655601527202
6 0.3630222307695776 0.0769197727164068 0.08685364474715111 0.12125792934436312
6 0.26031460773404835 0.08354139536918018 0.08139985731976358 0.07122156667727224
6 0.16049654425181298 0.0784715400222717 0.10356595574818703 0.07772610534690845
6 0.052773935484307345 0.09206986867440874 0.09015842721213974 0.09162497334499946