6 0.46066631948723574 0.6162928705457487 0.6953898132866805 0.3710211376345075
6 0.7757226344243013 0.6536470841901529 0.36172336307689895 0.26776913935036717
6 0.5349083802751164 0.6388103797169487 0.8594774693053205 0.45842551240339835
6 0.6628413582797922 0.7897316852063673 0.4787673078880957 0.18698580377355895
6 0.5631122001865595 0.8521571965556454 0.6590253381817895 0.29568560688870915
6 0.9519345499907113 0.4050912269057324 0.07245106598597281 0.441761602665567
6 0.9211348358834826 0.37757398066665615 0.13997045270858094 0.46867109514371963
6 0.8943355375431565 0.37992609085407053 0.14832648175287524 0.4143473079967011
6 0.8358960755105205 0.35551947274909734 0.20228027594401646 0.4268305876218722
6 0.7685668655524768 0.3347690520576993 0.15386608673189722 0.4051541644231918
6 0.7274566134778843 0.32965800323219824 0.15109628424238614 0.40975073620994645
6 0.6745684118182103 0.32498722360702714 0.1665795742843425 0.4289099131695505
6 0.62533800642427 0.3133761221951013 0.16250738092303826 0.4163189849563052
6 0.5622226997855742 0.2990120938235714 0.18076047345450555 0.4308815901291547
6 0.4964201010303297 0.29944635134541875 0.18433575934727706 0.45748955423577736
6 0.4373410989557372 0.29381246529375693 0.1918881502190702 0.47485891066226815
6 0.3781436977109817 0.289741079242095 0.18189784358037447 0.4870406619159094
6 0.29434811555247675 0.3209706956977156 0.2610902813426012 0.6062740467139299
6 0.23021476057345486 0.3097089352728743 0.2208204788530903 0.6097794799417403
6 0.1636784560093515 0.29916022868809905 0.228893087981297 0.5928647645814763
6 0.11171875 0.2917592541566351 0.2234375 0.5826092261808167
6 0.0703125 0.28485838479802067 0.140625 0.5697167695960413