6 0.790625 0.74609375 0.409375 0.3984375
6 0.87265625 0.32890625 0.2078125 0.2390625
6 0.9578125 0.08671875 0.059375 0.0953125
6 0.82109375 0.1140625 0.1203125 0.109375
6 0.7015625 0.08984375 0.0875 0.0890625
6 0.45625 0.84296875 0.259375 0.2234375
6 0.11171875 0.82578125 0.2234375 0.3078125
6 0.28203125 0.5578125 0.2671875 0.4375
6 0.59765625 0.45546875 0.3734375 0.3828125
6 0.4984375 0.2484375 0.31875 0.228125
6 0.1640625 0.26875 0.31875 0.228125
6 0.59453125 0.0875 0.0796875 0.075
6 0.47421875 0.0828125 0.1109375 0.084375
6 0.35859375 0.075 0.0796875 0.11875
6 0.25703125 0.084375 0.0765625 0.06875
6 0.15703125 0.0828125 0.0984375 0.075
6 0.05 0.09921875 0.084375 0.0890625