6 0.9588638563681527 0.647402436167223 0.07836343285945872 0.5798706443766667
6 0.909763281036188 0.6259443570450355 0.08488614363184724 0.6268911147413888
6 0.869778630470454 0.6492357334699312 0.0783179810640604 0.5720581443766667
6 0.818992835290914 0.6488350367565632 0.09397934250037884 0.5786718202884724
6 0.7677575882177803 0.5913849062476049 0.082070215840554 0.6799433795590278
6 0.7089956665748074 0.6189273715783339 0.12095090865896178 0.6496025693385418
6 0.6706189678044714 0.6344426155944103 0.08468615573209544 0.592516114741389
6 0.6237076063681529 0.6396015878589936 0.09872138465485669 0.5881559230620139
6 0.5931479527773568 0.6545174198309727 0.0672077642415477 0.542116071238403
6 0.5400956756499937 0.6407809217308339 0.12220433645025466 0.5965139369297223
6 0.48300079313643635 0.6503910046527435 0.08929184250037885 0.5785627175149306
6 0.45493033529091403 0.6403613880114933 0.07213161357761777 0.5828501740119446
6 0.4367934136479411 0.668849410712917 0.07191344495970711 0.5453501740119446
6 0.39627295277735675 0.6499351033422226 0.08316001716841388 0.5987297471502085
6 0.35715136544333925 0.6591821635627086 0.08932820393669746 0.5848127175149305
6 0.3191337358566481 0.612978657578785 0.08198840260883751 0.6658808795590279
6 0.2979945340612501 0.6203001950978475 0.09137249296791712 0.6676615851061112
6 0.26674907924078983 0.6187915932742364 0.08672135440423556 0.6738024823325695
6 0.23839227508425961 0.6579807266329862 0.089337294295777 0.5863752175149306
6 0.20544796487760514 0.6798732572181946 0.07511116783234391 0.5579229091943055
6 0.1827780793389857 0.6816896771460765 0.07363048106406049 0.5719490416031252
6 0.1390735311343838 0.672858884593021 0.10813274609117514 0.5946241286090974
6 0.07284454313643636 0.6408445119678473 0.13189749901804135 0.6514196424768057
6 0.0363727954741274 0.6735290721883334 0.0727455909482548 0.5720581443766667