6 0.8901090605092262 0.15263277083460874 0.2197818789815475 0.1699782134596036
6 0.8885157394060691 0.29541051984602557 0.22296852118786176 0.24379771543676992
6 0.8899865051204975 0.4476269358536368 0.2200269897590051 0.23311488342154743
6 0.885529641888672 0.6164578488954986 0.228940716222656 0.2613035504177418
6 0.8767986549722645 0.793691510948777 0.24640269005547105 0.30543555239490827
6 0.42237042577189676 0.5877280820524036 0.8210794835091129 0.769206164104807
6 0.5315656023202524 0.3482265247517604 0.6943812046405048 0.6814276384016444
6 0.10771306043863911 0.09635768825073264 0.1341761208772782 0.18940469269935692
6 0.07768246814762023 0.2899830128515813 0.12153888396087065 0.2668293557412186
6 0.07410025476756166 0.522876425893443 0.10397195236260467 0.2863778517868859
6 0.07371165984570686 0.7169301734219851 0.08189953128768242 0.30886034684397
6 0.529927507610159 0.7997280859695551 0.9401449847796819 0.4005438280608898
6 0.4014847182182074 0.22913433205240352 0.29288180489461857 0.3985143903416297
6 0.6672763181899726 0.26958155440925563 0.34668861533325773 0.4926755672236558
6 0.3851694734798793 0.23002832859236239 0.3352219523626047 0.2958005672236559