6 0.6338144622935062 0.7771124854850306 0.5579294412981254 0.4237704014245612
6 0.8382272457285062 0.8835884913575255 0.14175500816812522 0.18681334138279587
6 0.8802173368185411 0.7566706386919584 0.12267769984750032 0.17220527210332381
6 0.9127057945498258 0.6019233027194387 0.14684255167111146 0.20413723370266404
6 0.9099996750587842 0.5504744629859954 0.15898018218006982 0.2560179824490227
6 0.9341489559283328 0.3850396795999006 0.1178824034947226 0.23452341567683305
6 0.9419634155594789 0.2840993052267212 0.1061811840799308 0.20139266693047428
6 0.9281925094993053 0.2384374642396367 0.13917813487736125 0.3444439849563053
6 0.9060817733670137 0.21565919378566556 0.18405422378319472 0.327012444048363
6 0.6313103241851036 0.6163568419115213 0.4345620636389585 0.28901966521461464
6 0.6560583638883676 0.4922828444188038 0.41206881458888917 0.26182066772189716
6 0.6509916170224997 0.37454141495191723 0.344153962765278 0.22861571113712173
6 0.6730672919843748 0.331740149512511 0.4366350163362503 0.37808216521461463
6 0.6997421608098262 0.15842466996648213 0.3544732137152085 0.20237145988348057
6 0.7158776135071181 0.08073838839434214 0.3493856702122223 0.16147677678868427
6 0.23100903818465257 0.7071746878466638 0.46201807636930514 0.46065062430667236
6 0.1995388730064233 0.8392657738191834 0.3990777460128466 0.2808434523616331
6 0.2344736514074301 0.5256291711536164 0.4510222118153474 0.258269770387464
6 0.25625969206062466 0.42818586982083284 0.4119220378034029 0.18842863182851985
6 0.27880814570784695 0.3650721043814267 0.4139573164887501 0.2087865959351424
6 0.2939616734432636 0.31778792742182255 0.4272210359035419 0.24196280878812387
6 0.311241398841979 0.24623953635559573 0.41115962480937523 0.22275816772189713
6 0.31691082380385394 0.2039156440357277 0.3937175516711113 0.2113205625490476
6 0.34469163810840264 0.1507990042231421 0.36646406743868065 0.18086017273646204
6 0.3597178792746874 0.10898357726353798 0.371624346124028 0.20130906505633006
6 0.3845737153307291 0.05541126253641232 0.33710256933854177 0.11082252507282464
6 0.38126687737482634 0.06349654717614842 0.36871624525034735 0.12699309435229683
6 0.013912457162603965 0.6049004486672165 0.02782491432520793 0.24644910266556702
6 0.04530988715847211 0.3860906126946969 0.09061977431694422 0.24031877461060622
6 0.1183291598598957 0.14940896661390515 0.16937347473312525 0.2988179332278103
6 0.17463632408819443 0.014056488321517503 0.13510235182361113 0.028112976643035005
6 0.5 0.5 1 1