6 0.7739023664835263 0.9352754903647444 0.41385576866768636 0.1294490192705112
6 0.878083126222759 0.8256144472090199 0.21122169236879246 0.20984416560701077
6 0.8265184464325728 0.6428840746808591 0.3218240016215578 0.28780491066333214
6 0.8290527057647683 0.3184468033935356 0.3275558043815014 0.25855445323797915
6 0.9325846290588373 0.12309573458788667 0.12233074188232536 0.12403806956195358
6 0.6325437187504119 0.10446144100483354 0.36303756249917607 0.1455517086858608
6 0.4079044086868677 0.29212605992669805 0.4361319634721109 0.3098434376506389
6 0.5188753161559194 0.5220317172358355 0.3493217102256999 0.25383410224924335
6 0.5350752402640626 0.6694365949597764 0.23241485389503397 0.1723113146182751
6 0.3544058928618504 0.7131216209386768 0.3871217191541537 0.27364385769712507
6 0.30816431818780965 0.8806051438154843 0.41987967207625304 0.23878971236903154
6 0.07244242126876943 0.8648926625049176 0.14488484253753886 0.24853532500983527
6 0.12515218425441293 0.47145937278026223 0.25030436850882587 0.2616687455605245
6 0.08434772646104965 0.1488688247577337 0.1686954529220993 0.29148764951546735