6 0.7836968172342773 0.7631215282048143 0.36535665873645123 0.47375694359037157
6 0.9549451085694136 0.7749068573991196 0.07920098273390615 0.45018628520176096
6 0.4997667125636866 0.77328911145162 0.35093053206554253 0.4534217770967599
6 0.2942252372295048 0.7719522039114813 0.2867225813971789 0.4560955921770374
6 0.12884951662954716 0.7735742010367593 0.2576990332590943 0.4528515979264814
6 0.9198926873010924 0.3182219622063408 0.15083962539781517 0.48771319641861083
6 0.7252432586330471 0.3113589331298134 0.302638482733906 0.5212856969842588
6 0.5153319092934564 0.3391347442040731 0.3036919053946335 0.477672398021018
6 0.30163248862191117 0.35641255268643457 0.2315260040579064 0.44638415033009216
6 0.16456829328454772 0.3741387119699997 0.23743055872054297 0.4172434544771292
6 0.07076593865372786 0.3726944976909258 0.14153187730745573 0.36413899538185157