6 0.7254711266020536 0.7344902766785297 0.4270337921876024 0.4800772216688406
6 0.8627032864908528 0.6017419350745318 0.254623111965201 0.724760367244561
6 0.4890375748806222 0.8936984185301966 0.19479168874473984 0.17286822745980857
6 0.2782340280533323 0.7210015889179108 0.3114832032575281 0.5214941261359012
6 0.4413838471979588 0.5831462162966663 0.42520843047685536 0.7405052994190996
6 0.6550371525475872 0.3595600518001095 0.4383631949048256 0.719120103600219
6 0.8335118713293939 0.22546861104381724 0.33199411069925694 0.4509372220876345
6 0.13224698249198683 0.789434873449814 0.26449396498397365 0.37738025310037193
6 0.165625 0.34453125 0.33125 0.6890625
6 0.056470710892440434 0.5939640157157657 0.11294142178488087 0.5089469685684685
6 0.3286978857573642 0.22623070616247176 0.39260422848527166 0.4524614123249435
6 0.5679191315810129 0.1031291923087329 0.2797867368379741 0.2062583846174658