3 0.17109375 0.71875 0.07421875 0.221875
3 0.27578125 0.71640625 0.1015625 0.265625
3 0.40859375 0.71171875 0.11015625 0.31484375
3 0.5515625 0.7015625 0.08828125 0.30546875
3 0.69375 0.70546875 0.10390625 0.26484375
3 0.80546875 0.70078125 0.07734375 0.22734375
3 0.803125 0.52890625 0.08203125 0.31171875
3 0.91328125 0.5515625 0.10859375 0.3359375
3 0.57734375 0.56875 0.10546875 0.32890625
3 0.6890625 0.55546875 0.0953125 0.35859375
3 0.4546875 0.56015625 0.09296875 0.3265625
3 0.32890625 0.57265625 0.096875 0.31484375
3 0.20390625 0.5828125 0.09375 0.32421875
3 0.08671875 0.56015625 0.0953125 0.3265625
3 0.1125 0.453125 0.103125 0.34375
3 0.2234375 0.4546875 0.10078125 0.35390625
3 0.3375 0.3953125 0.09375 0.37890625
3 0.45 0.3953125 0.09375 0.371875
3 0.5734375 0.3984375 0.10625 0.36640625
3 0.66796875 0.40078125 0.09140625 0.4015625
3 0.771875 0.440625 0.09921875 0.32265625
3 0.87578125 0.42265625 0.1046875 0.3640625
3 0.76875 0.30703125 0.0984375 0.34609375
3 0.64921875 0.28984375 0.09765625 0.37734375
3 0.52578125 0.3 0.10546875 0.4375
3 0.39453125 0.29765625 0.1109375 0.4375
3 0.25234375 0.31328125 0.08515625 0.38046875
3 0.14375 0.34140625 0.08046875 0.278125