3 0.22233889082114167 0.7538442573599534 0.10484130054030497 0.22925224267981753
3 0.3257813493513294 0.7417720660407253 0.13772821161023066 0.2764908693507266
3 0.4564038667745246 0.7253305480585428 0.15353675008481799 0.3266545013526354
3 0.5969370975372309 0.7019759587444054 0.1312252404661713 0.31389996268299925
3 0.7379614016209148 0.6926838694302683 0.14085321161023073 0.2765272320178173
3 0.8483259827464409 0.6775684941119948 0.1081845553496283 0.23553860534690846
3 0.8220387573412122 0.506238386775904 0.12519349527549437 0.32007723734881743
3 0.9281175820749843 0.5184758521244033 0.1437648358500315 0.34698518268618095
3 0.6039360872856119 0.5669560687459964 0.15084825970346483 0.3391181386855447
3 0.7124380680483181 0.5432287620941775 0.1456349700477512 0.3687329133513629
3 0.4806622783926044 0.5702072433959062 0.1382391322988031 0.33584768801718107
3 0.3580977976298981 0.593770918045816 0.1409821863824871 0.3249465506842718
3 0.23547875316486092 0.6157720926957259 0.13818456859647227 0.33428518801718105
3 0.11637408909971034 0.6042340613462722 0.14136413229880315 0.3358840506842718
3 0.12661712993655044 0.49502269334818116 0.15139389672677345 0.3547431386855447
3 0.23719996587139985 0.4861573180299077 0.15015877894075852 0.3640999573519991
3 0.3417485674153459 0.4163089893777707 0.14628973447572147 0.38748291335136287
3 0.4530580896478645 0.40589020472627 0.14607147966639786 0.3812329133513629
3 0.5761682074338794 0.3979515300763601 0.15684528855940538 0.3766726826861809
3 0.6704266389222251 0.39123900075585955 0.14710819001068423 0.41092041335136276
3 0.7784673174153459 0.42139067210372244 0.14438000489414157 0.33279541335136287
3 0.8790203889222251 0.3936662087841764 0.15522822485707444 0.37509200135263543
3 0.7566419027172232 0.2883781774347226 0.14676096042910416 0.35625109468490823
3 0.6361929934613961 0.28307196475172336 0.1494147344757213 0.3875192760184537
3 0.5151091671451935 0.30431007073517863 0.16560521886662477 0.4486204080203627
3 0.3850496449126749 0.314510679384134 0.17185521886662478 0.44869313335454447
3 0.24624260525696115 0.3425709500318167 0.13853179817805222 0.3889545066836356
3 0.14216522966639797 0.3811874600174992 0.11930559382421575 0.2856476933481812