3 0.5133351935585069 0.6834890488605051 0.14318640036914018 0.14297536167271757
3 0.6634748959025453 0.6508781842220379 0.14020110271317882 0.16934686068413446
3 0.5469814034606845 0.8028956234613537 0.14811373226282817 0.17122769566510634
3 0.7300987962716856 0.5110225053628454 0.20886956199704745 0.24383220752810467
3 0.8452510317737161 0.40425389912733517 0.18316865514950215 0.23187603558899425
3 0.6976250601513462 0.42195734676960794 0.17910291640826906 0.19274986859279988
3 0.5096268075304525 0.558966551331963 0.16816541640826924 0.19230419961943923
3 0.26580935148578627 0.7037046842592188 0.31688232109634606 0.2513502302655176
3 0.3197329927556279 0.5674833413695815 0.20554430289774892 0.24057987353571592
3 0.4115781361849378 0.47179415657889 0.17814119370616516 0.2020612015966055
3 0.5297366533038009 0.43970721536240787 0.17179106415651582 0.200244033611828
3 0.2385003840254695 0.43676919365075906 0.18921839605020363 0.22900570357377176
3 0.1082330906884446 0.4997387203425047 0.20145758019564478 0.2497638725471326
3 0.06517681215393101 0.3665389011788636 0.13035362430786201 0.22942219764227278
3 0.17229199799741518 0.31479337596999263 0.17727960055371042 0.21293503460041113
3 0.3890289150239933 0.3129749134989722 0.16215524830195704 0.22011086463846724
3 0.5078487661960125 0.2948868052862957 0.16704300740125574 0.2234268656270503
3 0.6957085140365441 0.24515476623726026 0.1613937846991515 0.23254719764227277
3 0.8051230868309333 0.21576174349984728 0.1989333574935408 0.25901153855474385